43.700000, 17.800000, 4.100000, 2.000000, 2
44.500000, 18.100000, 4.300000, 2.000000, 2
64.800000, 27.900000, 6.100000, 1.000000, 0
65.100000, 28.000000, 6.100000, 1.000000, 0
65.600000, 28.500000, 6.200000, 1.000000, 0
19.900000, 2.900000, 2.000000, 1.000000, 1
20.500000, 3.200000, 2.000000, 1.000000, 1
20.300000, 3.100000, 2.100000, 1.000000, 1
64.900000, 28.200000, 6.000000, 1.000000, 0
65.700000, 28.600000, 6.200000, 1.000000, 0
43.500000, 17.500000, 4.100000, 2.000000, 2
22.300000, 3.500000, 2.300000, 1.000000, 1
44.900000, 17.800000, 4.000000, 2.000000, 2
19.900000, 2.800000, 1.900000, 1.000000, 1
43.500000, 17.700000, 4.100000, 2.000000, 2
43.400000, 17.500000, 4.100000, 2.000000, 2
66.000000, 29.000000, 6.200000, 1.000000, 0
45.600000, 18.100000, 4.100000, 2.000000, 2
45.800000, 18.200000, 4.300000, 2.000000, 2
19.800000, 2.900000, 2.000000, 1.000000, 1
66.200000, 29.100000, 6.200000, 1.000000, 0
45.900000, 18.200000, 4.300000, 2.000000, 2
22.200000, 3.400000, 2.200000, 1.000000, 1
45.400000, 17.900000, 4.100000, 2.000000, 2
64.500000, 27.600000, 6.100000, 1.000000, 0
44.700000, 17.700000, 4.000000, 2.000000, 2
20.100000, 3.000000, 2.000000, 1.000000, 1
44.700000, 17.900000, 4.000000, 2.000000, 2
65.900000, 28.900000, 6.200000, 1.000000, 0
45.800000, 18.200000, 4.200000, 2.000000, 2
20.600000, 3.300000, 2.100000, 1.000000, 1
65.500000, 28.400000, 6.200000, 1.000000, 0
65.300000, 28.000000, 6.100000, 1.000000, 0
21.700000, 3.500000, 2.300000, 1.000000, 1
45.100000, 18.100000, 4.200000, 2.000000, 2
45.400000, 17.800000, 4.100000, 2.000000, 2
20.300000, 3.100000, 2.100000, 1.000000, 1
65.200000, 28.100000, 6.100000, 1.000000, 0
21.800000, 3.300000, 2.100000, 1.000000, 1
21.800000, 3.500000, 2.300000, 1.000000, 1
45.800000, 18.100000, 4.300000, 2.000000, 2
65.400000, 28.300000, 6.100000, 1.000000, 0
44.600000, 17.700000, 4.000000, 2.000000, 2
19.700000, 2.800000, 1.900000, 1.000000, 1
20.700000, 3.300000, 2.100000, 1.000000, 1
21.500000, 3.400000, 2.200000, 1.000000, 1
65.900000, 28.800000, 6.300000, 1.000000, 0
45.900000, 18.300000, 4.300000, 2.000000, 2
65.500000, 28.400000, 6.200000, 1.000000, 0
64.400000, 27.500000, 6.100000, 1.000000, 0
65.600000, 28.300000, 6.200000, 1.000000, 0
64.700000, 27.800000, 6.000000, 1.000000, 0
45.500000, 18.000000, 4.100000, 2.000000, 2
43.300000, 17.400000, 4.100000, 2.000000, 2
45.200000, 18.300000, 4.200000, 2.000000, 2
45.100000, 17.900000, 4.200000, 2.000000, 2
20.700000, 3.300000, 2.100000, 1.000000, 1
45.300000, 18.000000, 4.200000, 2.000000, 2
21.500000, 3.400000, 2.200000, 1.000000, 1
65.300000, 28.700000, 6.200000, 1.000000, 0
65.800000, 28.800000, 6.200000, 1.000000, 0
45.300000, 18.200000, 4.200000, 2.000000, 2
64.600000, 27.700000, 6.100000, 1.000000, 0
20.000000, 2.900000, 2.000000, 1.000000, 1
65.400000, 28.100000, 6.100000, 1.000000, 0
44.900000, 18.000000, 4.000000, 2.000000, 2
65.400000, 28.300000, 6.200000, 1.000000, 0
22.200000, 3.400000, 2.200000, 1.000000, 1
20.100000, 3.000000, 2.000000, 1.000000, 1
65.000000, 28.500000, 6.100000, 1.000000, 0
20.000000, 2.900000, 2.000000, 1.000000, 1
64.700000, 27.600000, 6.100000, 1.000000, 0
45.300000, 17.800000, 4.100000, 2.000000, 2
65.300000, 28.200000, 6.100000, 1.000000, 0
20.900000, 3.100000, 2.100000, 1.000000, 1
21.700000, 3.300000, 2.200000, 1.000000, 1
20.700000, 3.200000, 2.000000, 1.000000, 1
43.200000, 17.400000, 4.100000, 2.000000, 2
20.400000, 3.100000, 2.100000, 1.000000, 1
45.700000, 18.100000, 4.300000, 2.000000, 2
21.900000, 3.300000, 2.100000, 1.000000, 1
64.900000, 28.400000, 6.000000, 1.000000, 0
43.300000, 17.600000, 4.100000, 2.000000, 2
20.500000, 3.200000, 2.100000, 1.000000, 1
64.600000, 27.500000, 6.100000, 1.000000, 0
45.000000, 17.900000, 4.200000, 2.000000, 2
64.700000, 28.200000, 6.000000, 1.000000, 0
21.600000, 3.400000, 2.200000, 1.000000, 1
65.000000, 28.300000, 6.000000, 1.000000, 0
65.700000, 28.400000, 6.200000, 1.000000, 0
45.200000, 18.000000, 4.200000, 2.000000, 2
66.000000, 28.800000, 6.200000, 1.000000, 0
45.500000, 17.900000, 4.100000, 2.000000, 2
20.600000, 3.200000, 2.000000, 1.000000, 1
19.800000, 2.800000, 1.900000, 1.000000, 1
44.800000, 17.800000, 4.000000, 2.000000, 2
64.800000, 28.300000, 6.000000, 1.000000, 0
66.100000, 29.200000, 6.300000, 1.000000, 0
66.200000, 28.900000, 6.200000, 1.000000, 0
22.000000, 3.300000, 2.100000, 1.000000, 1
46.100000, 18.500000, 4.400000, 2.000000, 2
22.100000, 3.400000, 2.200000, 1.000000, 1
20.200000, 3.000000, 2.000000, 1.000000, 1
46.000000, 18.400000, 4.300000, 2.000000, 2
21.800000, 3.500000, 2.300000, 1.000000, 1
